x/y = 7
x/y = 7.000000
x/y = 7.500000
x/y = 7.500000