float(x) = 1.700000
int(x) = 1
ceil(x) = 2.000000
floor(x) = 1.000000